eval_accuracy = 0.9394592
eval_loss = 0.322298
global_step = 12538
loss = 0.3219134
